906,496,971,542,1
