807,378,973,447,8
