265,146,368,223,10
