356,404,1039,663,10
